69.0
2.5E11
1.3112591332502287E11 3.3594716468459248E10 27226.652713980573 -19220.673170340116 7.45E19 pluto.gif
-1.311259132488479E11 -3.3594716163949753E10 -27226.65261803719 19220.6732312747 7.45E19 pluto.gif
-3.3594716150932507E10 -1.3112591326043524E11 19220.673233843736 -27226.652616840034 7.45E19 pluto.gif
3.3594716481476505E10 1.311259133134353E11 -19220.67316777115 27226.652715177675 7.45E19 pluto.gif
1.3289116009235258E11 3.0413739446596035E10 24494.151546696234 -19897.79649154202 7.45E19 pluto.gif
-1.328911600175057E11 -3.0413739168639984E10 -24494.151464752664 19897.796540389187 7.45E19 pluto.gif
-3.041373915257029E10 -1.328911600244451E11 19897.796544481014 -24494.151460320252 7.45E19 pluto.gif
3.0413739462666485E10 1.3289116008541336E11 -19897.79648744997 24494.151551129034 7.45E19 pluto.gif
1.3425830029496199E11 2.719781210402508E10 21738.099155544853 -20499.077222291806 7.45E19 pluto.gif
-1.3425830022117383E11 -2.719781184845234E10 -21738.09908544172 20499.077262158316 7.45E19 pluto.gif
-2.719781183283931E10 -1.3425830022637146E11 20499.077266049168 -21738.099080370943 7.45E19 pluto.gif
2.719781211963905E10 1.3425830028976512E11 -20499.077218400646 21738.099160616253 7.45E19 pluto.gif
1.3522137771593231E11 2.395866386581665E10 18946.64788505973 -21029.68984234691 7.45E19 pluto.gif
-1.3522137764231406E11 -2.3958663629849518E10 -18946.64782477035 21029.68987560611 7.45E19 pluto.gif
-2.3958663616177822E10 -1.3522137764766437E11 21029.689878607933 -18946.647820491347 7.45E19 pluto.gif
2.3958663879489204E10 1.352213777105823E11 -21029.68983934487 18946.64788933904 7.45E19 pluto.gif
1.357725853063357E11 2.070753198252941E10 16107.043413931757 -21493.756474767742 7.45E19 pluto.gif
-1.3577258523539183E11 -2.0707531769027557E10 -16107.043364774107 21493.756501707543 7.45E19 pluto.gif
-2.0707531755275776E10 -1.3577258524058943E11 21493.756504352106 -16107.04336061364 7.45E19 pluto.gif
2.0707531996281624E10 1.357725853011378E11 -21493.756472123157 16107.043418092277 7.45E19 pluto.gif
1.3590204816161441E11 1.7455276303458515E10 13205.296965161679 -21894.430098000325 7.45E19 pluto.gif
-1.3590204810252097E11 -1.745527611892039E10 -13205.296933010683 21894.430117136075 7.45E19 pluto.gif
-1.7455276101260895E10 -1.3590204810326135E11 21894.430120893474 -13205.29692568621 7.45E19 pluto.gif
1.745527632111767E10 1.359020481608738E11 -21894.430094243 13205.296972485921 7.45E19 pluto.gif
1.3559754070911873E11 1.4212484380763842E10 10225.777359465883 -22233.9305253683 7.45E19 pluto.gif
-1.355975406640655E11 -1.421248422271876E10 -10225.777344281209 22233.930538302207 7.45E19 pluto.gif
-1.4212484203027327E10 -1.3559754066102815E11 22233.930542564973 -10225.77733461738 7.45E19 pluto.gif
1.4212484400454613E10 1.35597540712156E11 -22233.930521105678 10225.777369129484 7.45E19 pluto.gif
1.3484412889914575E11 1.0989578041352482E10 7150.697694976317 -22513.5263556767 7.45E19 pluto.gif
-1.3484412886857527E11 -1.0989577906932095E10 -7150.697695784998 22513.526364161124 7.45E19 pluto.gif
-1.098957788667055E10 -1.3484412886297026E11 22513.526368436 -7150.697684788206 7.45E19 pluto.gif
1.0989578061613396E10 1.3484412890474992E11 -22513.526351401968 7150.697705972358 7.45E19 pluto.gif
1.3362371040486832E11 7.796919402773736E9 3959.4484081448354 -22733.454194989274 7.45E19 pluto.gif
-1.3362371038937822E11 -7.796919289733452E9 -3959.448424359447 22733.454200457083 7.45E19 pluto.gif
-7.796919270156525E9 -1.3362371038257956E11 22733.454204391364 -3959.44841306103 7.45E19 pluto.gif
7.796919422351242E9 1.3362371041166748E11 -22733.45419105491 3959.448419443704 7.45E19 pluto.gif
1.3191439566252727E11 4.644906671201296E9 627.6939933833072 -22892.75862974873 7.45E19 pluto.gif
-1.3191439566295818E11 -4.644906577683905E9 -627.6940248141061 22892.75863342798 7.45E19 pluto.gif
-4.644906560067265E9 -1.3191439565674448E11 22892.758636741102 -627.6940144663954 7.45E19 pluto.gif
4.644906688818927E9 1.3191439566874223E11 -22892.75862643535 627.6940037319127 7.45E19 pluto.gif
1.2968963256854408E11 1.5440454970534782E9 -2873.90004270026 -22989.019035916153 7.45E19 pluto.gif
-1.2968963258614769E11 -1.5440454215552645E9 2873.8999957346396 22989.01903890165 7.45E19 pluto.gif
-1.5440454071812983E9 -1.2968963258276825E11 22989.01904139788 2873.9000036009393 7.45E19 pluto.gif
1.5440455114273863E9 1.2968963257192352E11 -22989.01903341987 -2873.9000348340373 7.45E19 pluto.gif
1.2691690682909746E11 -1.4950381641694486E9 -6581.5357980070985 -23017.897496967704 7.45E19 pluto.gif
-1.2691690686582361E11 1.4950382227716377E9 6581.535734464562 23017.89750028856 7.45E19 pluto.gif
1.49503823268912E9 -1.2691690686798473E11 23017.89750189093 6581.535738026857 7.45E19 pluto.gif
-1.4950381542504983E9 1.2691690682693831E11 -23017.897495365098 -6581.535794443374 7.45E19 pluto.gif
1.2355588246007799E11 -4.461622147644438E9 -10541.029025575943 -22972.357559340184 7.45E19 pluto.gif
-1.2355588251895088E11 4.461622190077353E9 10541.028943382009 22972.35756405543 7.45E19 pluto.gif
4.461622194522537E9 -1.2355588252970795E11 22972.357564853555 10541.02894055809 7.45E19 pluto.gif
-4.4616221432000475E9 1.2355588244931966E11 -22972.35755854222 -10541.02902840074 7.45E19 pluto.gif
1.1955701715376112E11 -7.344219108318462E9 -14811.018881266846 -22841.19072137567 7.45E19 pluto.gif
-1.1955701723937083E11 7.34421913493962E9 14811.01877686416 22841.19072872303 7.45E19 pluto.gif
7.344219133277094E9 -1.1955701726186948E11 22841.190729029753 14811.018765423145 7.45E19 pluto.gif
-7.344219109980545E9 1.1955701713126329E11 -22841.1907210689 -14811.018892707254 7.45E19 pluto.gif
1.1486647389686684E11 -1.0126048078551582E10 -19462.89705669238 -22606.402713614752 7.45E19 pluto.gif
-1.1486647401577637E11 1.0126048089565125E10 19462.896924543198 22606.402725252374 7.45E19 pluto.gif
1.0126048081822083E10 -1.1486647405267787E11 22606.402725661508 19462.896902414814 7.45E19 pluto.gif
-1.0126048086295238E10 1.1486647385996388E11 -22606.402713205644 -19462.897078821785 7.45E19 pluto.gif
1.0944376405863918E11 -1.277404802795744E10 -24572.76215364986 -22240.703939018436 7.45E19 pluto.gif
-1.0944376421830235E11 1.277404802450346E10 24572.761986668025 22240.70395735058 7.45E19 pluto.gif
1.2774048011621254E10 -1.094437642708752E11 22240.703958754024 24572.76195248717 7.45E19 pluto.gif
-1.2774048040839657E10 1.0944376400606664E11 -22240.703937614893 -24572.762187830514 7.45E19 pluto.gif
1.3459972129133727E11 2.571141612677372E11 -10936.552300902618 4458.831875842994 5.4E20 sun.gif
-1.3459972129562523E11 -2.5711416127791498E11 10936.552297757944 -4458.831884139329 5.4E20 sun.gif
5.5449954046120804E10 1.0111803675794176E11 -42867.10110359249 -34779.05687877806 5.5E20 venus.gif
-5.544995407671715E10 -1.0111803680603404E11 42867.1010697843 34779.05681361055 5.5E20 venus.gif
61.3053530885272 52.37981975956603 2.044920671863291E-5 1.8454754882981645E-5 5.974E30 earth.gif
